14.5 0.000720884
14.52 0.000728391
14.54 0.000735976
14.56 0.00074364
14.58 0.000751384
14.6 0.000759208
14.62 0.000767115
14.64 0.000775103
14.66 0.000783174
14.68 0.00079133
14.7 0.000799571
14.72 0.000807897
14.74 0.00081631
14.76 0.000824811
14.78 0.0008334
14.8 0.000842079
14.82 0.000850848
14.84 0.000859708
14.86 0.000868661
14.88 0.000877707
14.9 0.000886847
14.92 0.000896082
14.94 0.000905413
14.96 0.000914842
14.98 0.000924369
15 0.000933995
15.02 0.000943721
15.04 0.000953548
15.06 0.000963478
15.08 0.000973512
15.1 0.000983649
15.12 0.000993893
15.14 0.001
15.16 0.00101
15.18 0.00103
15.2 0.00104
15.22 0.00105
15.24 0.00106
15.26 0.00107
15.28 0.00108
15.3 0.00109
15.32 0.0011
15.34 0.00111
15.36 0.00113
15.38 0.00114
15.4 0.00115
15.42 0.00116
15.44 0.00117
15.46 0.00119
15.48 0.0012
15.5 0.00121
15.52 0.00122
15.54 0.00124
15.56 0.00125
15.58 0.00126
15.6 0.00127
15.62 0.00129
15.64 0.0013
15.66 0.00131
15.68 0.00133
15.7 0.00134
15.72 0.00136
15.74 0.00137
15.76 0.00138
15.78 0.0014
15.8 0.00141
15.82 0.00143
15.84 0.00144
15.86 0.00146
15.88 0.00147
15.9 0.00149
15.92 0.0015
15.94 0.00152
15.96 0.00154
15.98 0.00155
16 0.00157
16.02 0.00158
16.04 0.0016
16.06 0.00162
16.08 0.00163
16.1 0.00165
16.12 0.00167
16.14 0.00169
16.16 0.0017
16.18 0.00172
16.2 0.00174
16.22 0.00176
16.24 0.00178
16.26 0.00179
16.28 0.00181
16.3 0.00183
16.32 0.00185
16.34 0.00187
16.36 0.00189
16.38 0.00191
16.4 0.00193
16.42 0.00195
16.44 0.00197
16.46 0.00199
16.48 0.00201
16.5 0.00203
16.52 0.00205
16.54 0.00207
16.56 0.0021
16.58 0.00212
16.6 0.00214
16.62 0.00216
16.64 0.00218
16.66 0.00221
16.68 0.00223
16.7 0.00225
16.72 0.00228
16.74 0.0023
16.76 0.00232
16.78 0.00235
16.8 0.00237
16.82 0.0024
16.84 0.00242
16.86 0.00245
16.88 0.00247
16.9 0.0025
16.92 0.00253
16.94 0.00255
16.96 0.00258
16.98 0.0026
17 0.00263
17.02 0.00266
17.04 0.00269
17.06 0.00271
17.08 0.00274
17.1 0.00277
17.12 0.0028
17.14 0.00283
17.16 0.00286
17.18 0.00289
17.2 0.00292
17.22 0.00295
17.24 0.00298
17.26 0.00301
17.28 0.00304
17.3 0.00307
17.32 0.00311
17.34 0.00314
17.36 0.00317
17.38 0.0032
17.4 0.00324
17.42 0.00327
17.44 0.00331
17.46 0.00334
17.48 0.00337
17.5 0.00341
17.52 0.00345
17.54 0.00348
17.56 0.00352
17.58 0.00355
17.6 0.00359
17.62 0.00363
17.64 0.00367
17.66 0.0037
17.68 0.00374
17.7 0.00378
17.72 0.00382
17.74 0.00386
17.76 0.0039
17.78 0.00394
17.8 0.00398
17.82 0.00402
17.84 0.00407
17.86 0.00411
17.88 0.00415
17.9 0.0042
17.92 0.00424
17.94 0.00428
17.96 0.00433
17.98 0.00437
18 0.00442
18.02 0.00446
18.04 0.00451
18.06 0.00456
18.08 0.00461
18.1 0.00465
18.12 0.0047
18.14 0.00475
18.16 0.0048
18.18 0.00485
18.2 0.0049
18.22 0.00495
18.24 0.00500000000000004
18.26 0.00506
18.28 0.00511
18.3 0.00516
18.32 0.00521
18.34 0.00527
18.36 0.00532
18.38 0.00538
18.4 0.00544
18.42 0.00549
18.44 0.00555
18.46 0.00561
18.48 0.00567
18.5 0.00572
18.52 0.00578
18.54 0.00584
18.56 0.00591
18.58 0.00597
18.6 0.00603
18.62 0.00609
18.64 0.00616
18.66 0.00622
18.68 0.00628
18.7 0.00635
18.72 0.00642
18.74 0.00648000000000004
18.76 0.00655
18.78 0.00662
18.8 0.00669
18.82 0.00676
18.84 0.00683
18.86 0.0069
18.88 0.00697
18.9 0.00704
18.92 0.00712
18.94 0.00719
18.96 0.00726
18.98 0.00734
19 0.00742
19.02 0.00749
19.04 0.00757
19.06 0.00765000000000004
19.08 0.00773
19.1 0.00781
19.12 0.00789
19.14 0.00797
19.16 0.00806
19.18 0.00814
19.2 0.00823
19.22 0.00831
19.24 0.0084
19.26 0.00848999999999996
19.28 0.00857
19.3 0.00866
19.32 0.00875
19.34 0.00885
19.36 0.00894
19.38 0.00903
19.4 0.00912
19.42 0.00922
19.44 0.00932
19.46 0.00941
19.48 0.00951
19.5 0.00961
19.52 0.00971
19.54 0.00981
19.56 0.00991000000000004
19.58 0.01002
19.6 0.01012
19.62 0.01023
19.64 0.01033
19.66 0.01044
19.68 0.01055
19.7 0.01066
19.72 0.01077
19.74 0.01088
19.76 0.011
19.78 0.01111
19.8 0.01123
19.82 0.01134
19.84 0.01146
19.86 0.01158
19.88 0.0117
19.9 0.01182
19.92 0.01195
19.94 0.01207
19.96 0.0122
19.98 0.01232
20 0.01245
20.02 0.01258
20.04 0.01271
20.06 0.01285
20.08 0.01298
20.1 0.01311
20.12 0.01325
20.14 0.01339
20.16 0.01353
20.18 0.01367
20.2 0.01381
20.22 0.01396
20.24 0.0141
20.26 0.01425
20.28 0.0144
20.3 0.01455
20.32 0.0147
20.34 0.01485
20.36 0.01501
20.38 0.01516
20.4 0.01532
20.42 0.01548
20.44 0.01564
20.46 0.0158
20.48 0.01597
20.5 0.01613
20.52 0.0163
20.54 0.01647
20.56 0.01664
20.58 0.01682
20.6 0.01699
20.62 0.01717
20.64 0.01735
20.66 0.01753
20.68 0.01771
20.7 0.0179
20.72 0.01808
20.74 0.01827
20.76 0.01846
20.78 0.01865
20.8 0.01885
20.82 0.01905
20.84 0.01924
20.86 0.01944
20.88 0.01965
20.9 0.01985
20.92 0.02006
20.94 0.02027
20.96 0.02048
20.98 0.02069
21 0.02091
21.02 0.02113
21.04 0.02135
21.06 0.02157
21.08 0.02179
21.1 0.02202
21.12 0.02225
21.14 0.02248
21.16 0.02271
21.18 0.02295
21.2 0.02319
21.22 0.02343
21.24 0.02368
21.26 0.02392
21.28 0.02417
21.3 0.02442
21.32 0.02468
21.34 0.02494
21.36 0.0252
21.38 0.02546
21.4 0.02572
21.42 0.02599
21.44 0.02626
21.46 0.02654
21.48 0.02681
21.5 0.02709
21.52 0.02738
21.54 0.02766
21.56 0.02795
21.58 0.02824
21.6 0.02853
21.62 0.02883
21.64 0.02913
21.66 0.02944
21.68 0.02974
21.7 0.03005
21.72 0.03037
21.74 0.0306800000000001
21.76 0.031
21.78 0.03133
21.8 0.03165
21.82 0.03198
21.84 0.03232
21.86 0.03265
21.88 0.03299
21.9 0.03334
21.92 0.03368
21.94 0.03404
21.96 0.03439
21.98 0.03475
22 0.03511
22.02 0.03548
22.04 0.03585
22.06 0.0362200000000001
22.08 0.0366
22.1 0.03698
22.12 0.03737
22.14 0.03775
22.16 0.03815
22.18 0.03855
22.2 0.03895
22.22 0.03935
22.24 0.0397600000000001
22.26 0.0401799999999999
22.28 0.0406
22.3 0.04102
22.32 0.04145
22.34 0.04188
22.36 0.04232
22.38 0.04276
22.4 0.04321
22.42 0.04366
22.44 0.04411
22.46 0.04457
22.48 0.04504
22.5 0.04551
22.52 0.04598
22.54 0.04646
22.56 0.0469400000000001
22.58 0.04743
22.6 0.04793
22.62 0.04843
22.64 0.04893
22.66 0.04944
22.68 0.04996
22.7 0.05048
22.72 0.05101
22.74 0.0515400000000001
22.76 0.0520799999999999
22.78 0.05262
22.8 0.05317
22.82 0.05372
22.84 0.05429
22.86 0.05485
22.88 0.0554200000000001
22.9 0.056
22.92 0.05659
22.94 0.0571799999999999
22.96 0.05777
22.98 0.05838
23 0.05899
23.02 0.0596
23.04 0.06022
23.06 0.0608500000000001
23.08 0.06149
23.1 0.06213
23.12 0.06278
23.14 0.06343
23.16 0.06409
23.18 0.06476
23.2 0.0654400000000001
23.22 0.06612
23.24 0.0668100000000001
23.26 0.0675099999999998
23.28 0.06821
23.3 0.06893
23.32 0.06965
23.34 0.07037
23.36 0.07111
23.38 0.0718500000000001
23.4 0.0726
23.42 0.07336
23.44 0.0741199999999999
23.46 0.0749
23.48 0.07568
23.5 0.07647
23.52 0.07727
23.54 0.07808
23.56 0.0788900000000001
23.58 0.07972
23.6 0.08055
23.62 0.08139
23.64 0.08224
23.66 0.0831
23.68 0.08397
23.7 0.0848400000000002
23.72 0.08573
23.74 0.0866300000000002
23.76 0.0875299999999998
23.78 0.08845
23.8 0.08937
23.82 0.0903
23.84 0.09125
23.86 0.0922
23.88 0.0931600000000002
23.9 0.09414
23.92 0.09512
23.94 0.0961199999999998
23.96 0.09712
23.98 0.09814
24 0.09916
24.02 0.1002
24.04 0.10125
24.06 0.1023
24.08 0.10337
24.1 0.10445
24.12 0.10555
24.14 0.10665
24.16 0.10777
24.18 0.10889
24.2 0.11003
24.22 0.11118
24.24 0.11235
24.26 0.11352
24.28 0.11471
24.3 0.11591
24.32 0.11712
24.34 0.11835
24.36 0.11958
24.38 0.12084
24.4 0.1221
24.42 0.12338
24.44 0.12467
24.46 0.12597
24.48 0.12729
24.5 0.12862
24.52 0.12997
24.54 0.13133
24.56 0.13271
24.58 0.1341
24.6 0.1355
24.62 0.13692
24.64 0.13835
24.66 0.1398
24.68 0.14127
24.7 0.14275
24.72 0.14424
24.74 0.14575
24.76 0.14728
24.78 0.14882
24.8 0.15038
24.82 0.15196
24.84 0.15355
24.86 0.15516
24.88 0.15679
24.9 0.15843
24.92 0.16009
24.94 0.16177
24.96 0.16346
24.98 0.16518
25 0.16691
25.02 0.16866
25.04 0.17043
25.06 0.17222
25.08 0.17402
25.1 0.17585
25.12 0.17769
25.14 0.17956
25.16 0.18144
25.18 0.18335
25.2 0.18527
25.22 0.18722
25.24 0.18918
25.26 0.19117
25.28 0.19317
25.3 0.1952
25.32 0.19725
25.34 0.19932
25.36 0.20142
25.38 0.20353
25.4 0.20567
25.42 0.20783
25.44 0.21002
25.46 0.21223
25.48 0.21446
25.5 0.21671
25.52 0.21899
25.54 0.22129
25.56 0.22362
25.58 0.22597
25.6 0.22835
25.62 0.23075
25.64 0.23318
25.66 0.23563
25.68 0.23811
25.7 0.24062
25.72 0.24315
25.74 0.24571
25.76 0.2483
25.78 0.25091
25.8 0.25355
25.82 0.25622
25.84 0.25892
25.86 0.26165
25.88 0.26441
25.9 0.26719
25.92 0.27001
25.94 0.272859999999999
25.96 0.27573
25.98 0.27864
26 0.28158
26.02 0.28455
26.04 0.28755
26.06 0.290590000000001
26.08 0.29365
26.1 0.29675
26.12 0.299889999999999
26.14 0.30305
26.16 0.30625
26.18 0.30949
26.2 0.31276
26.22 0.31606
26.24 0.319400000000001
26.26 0.322779999999999
26.28 0.32619
26.3 0.32964
26.32 0.33313
26.34 0.33665
26.36 0.34021
26.38 0.34381
26.4 0.34745
26.42 0.35113
26.44 0.354849999999999
26.46 0.3586
26.48 0.3624
26.5 0.36624
26.52 0.37012
26.54 0.37404
26.56 0.37801
26.58 0.38202
26.6 0.38607
26.62 0.39016
26.64 0.3943
26.66 0.39849
26.68 0.40272
26.7 0.40699
26.72 0.41131
26.74 0.415680000000001
26.76 0.420099999999999
26.78 0.42456
26.8 0.42908
26.82 0.43364
26.84 0.43825
26.86 0.44291
26.88 0.44763
26.9 0.45239
26.92 0.45721
26.94 0.462069999999999
26.96 0.467
26.98 0.47197
27 0.477
27.02 0.48209
27.04 0.48723
27.06 0.49242
27.08 0.49768
27.1 0.50299
27.12 0.50836
27.14 0.51379
27.16 0.51927
27.18 0.52482
27.2 0.53043
27.22 0.5361
27.24 0.541840000000001
27.26 0.547629999999999
27.28 0.55349
27.3 0.55942
27.32 0.56541
27.34 0.57147
27.36 0.57759
27.38 0.58378
27.4 0.59004
27.42 0.59637
27.44 0.602769999999999
27.46 0.60924
27.48 0.61578
27.5 0.6224
27.52 0.62908
27.54 0.63585
27.56 0.64268
27.58 0.6496
27.6 0.65659
27.62 0.66366
27.64 0.67081
27.66 0.67803
27.68 0.68534
27.7 0.69273
27.72 0.7002
27.74 0.707760000000001
27.76 0.715399999999999
27.78 0.72313
27.8 0.73094
27.82 0.73885
27.84 0.74684
27.86 0.75492
27.88 0.76309
27.9 0.77135
27.92 0.77971
27.94 0.788159999999999
27.96 0.79671
27.98 0.80535
28 0.81409
28.02 0.82294
28.04 0.83188
28.06 0.84092
28.08 0.85007
28.1 0.85932
28.12 0.86867
28.14 0.87813
28.16 0.8877
28.18 0.89738
28.2 0.90717
28.22 0.91708
28.24 0.927090000000002
28.26 0.937219999999998
28.28 0.94747
28.3 0.95784
28.32 0.96832
28.34 0.97893
28.36 0.98965
28.38 1.0005
28.4 1.01148
28.42 1.02259
28.44 1.03382
28.46 1.04518
28.48 1.05668
28.5 1.0683
28.52 1.08007
28.54 1.09197
28.56 1.10401
28.58 1.11619
28.6 1.12851
28.62 1.14098
28.64 1.15359
28.66 1.16635
28.68 1.17927
28.7 1.19233
28.72 1.20555
28.74 1.21892
28.76 1.23245
28.78 1.24614
28.8 1.26
28.82 1.27401
28.84 1.2882
28.86 1.30255
28.88 1.31707
28.9 1.33177
28.92 1.34664
28.94 1.36169
28.96 1.37692
28.98 1.39233
29 1.40793
29.02 1.42372
29.04 1.43969
29.06 1.45586
29.08 1.47222
29.1 1.48878
29.12 1.50555
29.14 1.52251
29.16 1.53968
29.18 1.55706
29.2 1.57465
29.22 1.59246
29.24 1.61048
29.26 1.62872
29.28 1.64719
29.3 1.66589
29.32 1.68481
29.34 1.70397
29.36 1.72336
29.38 1.74299
29.4 1.76287
29.42 1.78299
29.44 1.80336
29.46 1.82399
29.48 1.84487
29.5 1.86601
29.52 1.88742
29.54 1.9091
29.56 1.93104
29.58 1.95327
29.6 1.97577
29.62 1.99855
29.64 2.02163
29.66 2.04499
29.68 2.06866
29.7 2.09262
29.72 2.11688
29.74 2.14146
29.76 2.16635
29.78 2.19156
29.8 2.21709
29.82 2.24295
29.84 2.26914
29.86 2.29567
29.88 2.32254
29.9 2.34976
29.92 2.37733
29.94 2.40526
29.96 2.43355
29.98 2.46222
30 2.49125
30.02 2.52067
30.04 2.55047
30.06 2.58066
30.08 2.61125
30.1 2.64224
30.12 2.67365
30.14 2.70546
30.16 2.7377
30.18 2.77037
30.2 2.80348
30.22 2.83702
30.24 2.87102000000001
30.26 2.90546999999999
30.28 2.94038
30.3 2.97577
30.32 3.01163
30.34 3.04797
30.36 3.08481
30.38 3.12214
30.4 3.15999
30.42 3.19835
30.44 3.23722999999999
30.46 3.27665
30.48 3.31661
30.5 3.35712
30.52 3.39818
30.54 3.43981
30.56 3.48202
30.58 3.52481
30.6 3.5682
30.62 3.61219
30.64 3.6568
30.66 3.70203
30.68 3.74789
30.7 3.7944
30.72 3.84157
30.74 3.8894
30.76 3.93789999999999
30.78 3.9871
30.8 4.03699
30.82 4.0876
30.84 4.13892
30.86 4.19099
30.88 4.24379
30.9 4.29736
30.92 4.3517
30.94 4.40682
30.96 4.46275
30.98 4.51948
31 4.57704
31.02 4.63543
31.04 4.69468
31.06 4.7548
31.08 4.8158
31.1 4.8777
31.12 4.94051
31.14 5.00424
31.16 5.06893
31.18 5.13457
31.2 5.20119
31.22 5.2688
31.24 5.33743
31.26 5.40707999999999
31.28 5.47778
31.3 5.54955
31.32 5.62239
31.34 5.69634
31.36 5.77142
31.38 5.84763
31.4 5.925
31.42 6.00356
31.44 6.08332
31.46 6.1643
31.48 6.24653
31.5 6.33003
31.52 6.41482
31.54 6.50092
31.56 6.58836
31.58 6.67716
31.6 6.76735
31.62 6.85894
31.64 6.95197
31.66 7.04647
31.68 7.14245
31.7 7.23995
31.72 7.33899
31.74 7.4396
31.76 7.54180999999998
31.78 7.64565
31.8 7.75115
31.82 7.85834
31.84 7.96725
31.86 8.07791
31.88 8.19036
31.9 8.30462
31.92 8.42074
31.94 8.53874
31.96 8.65866
31.98 8.78054
32 8.90441
32.02 9.03031
32.04 9.15828
32.06 9.28835
32.08 9.42057
32.1 9.55498
32.12 9.69162
32.14 9.83053
32.16 9.97175
32.18 10.11533
32.2 10.26131
32.22 10.40974
32.24 10.56067
32.26 10.71413
32.28 10.87019
32.3 11.02889
32.32 11.19028
32.34 11.35441
32.36 11.52133
32.38 11.69111
32.4 11.86379
32.42 12.03943
32.44 12.21809
32.46 12.39983
32.48 12.58471
32.5 12.77278
32.52 12.96411
32.54 13.15876
32.56 13.35681
32.58 13.5583
32.6 13.76332
32.62 13.97194
32.64 14.18421
32.66 14.40022
32.68 14.62004
32.7 14.84374
32.72 15.0714
32.74 15.30311
32.76 15.53893
32.78 15.77895
32.8 16.02325
32.82 16.27193
32.84 16.52506
32.86 16.78274
32.88 17.04506
32.9 17.3121
32.92 17.58397
32.94 17.86076
32.96 18.14258
32.98 18.42951
33 18.72167
33.02 19.01916
33.04 19.32209
33.06 19.63056
33.08 19.9447
33.1 20.26461
33.12 20.59041
33.14 20.92223
33.16 21.26018
33.18 21.60439
33.2 21.95499
33.22 22.31211
33.24 22.67588
33.26 23.04644
33.28 23.42392
33.3 23.80847
33.32 24.20024
33.34 24.59937
33.36 25.00601
33.38 25.42032
33.4 25.84247
33.42 26.27259
33.44 26.71088
33.46 27.15748
33.48 27.61259
33.5 28.07636
33.52 28.54899
33.54 29.03065
33.56 29.52153
33.58 30.02184
33.6 30.53175
33.62 31.05148
33.64 31.58122
33.66 32.12119
33.68 32.6716
33.7 33.23268
33.72 33.80463
33.74 34.3877
33.76 34.98211
33.78 35.58811
33.8 36.20593
33.82 36.83583
33.84 37.47807
33.86 38.13289
33.88 38.80057
33.9 39.48138
33.92 40.17559
33.94 40.8835
33.96 41.60538
33.98 42.34154
34 43.09228
34.02 43.85791
34.04 44.63875
34.06 45.43512
34.08 46.24734
34.1 47.07576
34.12 47.92073
34.14 48.78259
34.16 49.66171
34.18 50.55845
34.2 51.47319
34.22 52.40633
34.24 53.35824
34.26 54.32934
34.28 55.32003
34.3 56.33073
34.32 57.36189
34.34 58.41392
34.36 59.48729
34.38 60.58245
34.4 61.69988
34.42 62.84004
34.44 64.00344
34.46 65.19057
34.48 66.40195
34.5 67.63809
