0.000000000000000000e+00 8.810186317922686783e+01
1.001001001001000992e-02 8.722432203217364588e+01
2.002002002002001985e-02 8.635552126217346824e+01
3.003003003003002977e-02 8.549537381440131867e+01
4.004004004004003969e-02 8.464379350110483813e+01
5.005005005005004615e-02 8.380069499296834579e+01
6.006006006006005954e-02 8.296599381056265088e+01
7.007007007007007293e-02 8.213960631588015815e+01
8.008008008008007939e-02 8.132144970395421524e+01
9.009009009009008584e-02 8.051144199456203410e+01
1.001001001001000923e-01 7.970950202401004958e+01
1.101101101101101126e-01 7.891554943700138836e+01
1.201201201201201191e-01 7.812950467858401282e+01
1.301301301301301394e-01 7.735128898617934112e+01
1.401401401401401459e-01 7.658082438169010686e+01
1.501501501501501523e-01 7.581803366368686170e+01
1.601601601601601588e-01 7.506284039967231081e+01
1.701701701701701652e-01 7.431516891842267114e+01
1.801801801801801717e-01 7.357494430240538463e+01
1.901901901901901781e-01 7.284209238027222000e+01
2.002002002002001846e-01 7.211653971942726571e+01
2.102102102102102188e-01 7.139821361866890470e+01
2.202202202202202252e-01 7.068704210090504603e+01
2.302302302302302317e-01 6.998295390594094556e+01
2.402402402402402382e-01 6.928587848333886257e+01
2.502502502502502724e-01 6.859574598534882739e+01
2.602602602602602788e-01 6.791248725990980972e+01
2.702702702702702853e-01 6.723603384372060532e+01
2.802802802802802917e-01 6.656631795537973062e+01
2.902902902902902982e-01 6.590327248859362896e+01
3.003003003003003046e-01 6.524683100545263414e+01
3.103103103103103111e-01 6.459692772977368236e+01
3.203203203203203175e-01 6.395349754050955937e+01
3.303303303303303240e-01 6.331647596522368815e+01
3.403403403403403304e-01 6.268579917362988141e+01
3.503503503503503369e-01 6.206140397119646934e+01
3.603603603603603434e-01 6.144322779281419855e+01
3.703703703703703498e-01 6.083120869652707796e+01
3.803803803803803563e-01 6.022528535732575250e+01
3.903903903903903627e-01 5.962539706100263714e+01
4.004004004004003692e-01 5.903148369806833529e+01
4.104104104104104311e-01 5.844348575772854559e+01
4.204204204204204376e-01 5.786134432192104526e+01
4.304304304304304440e-01 5.728500105941203202e+01
4.404404404404404505e-01 5.671439821995124930e+01
4.504504504504504570e-01 5.614947862848536886e+01
4.604604604604604634e-01 5.559018567942896283e+01
4.704704704704704699e-01 5.503646333099258214e+01
4.804804804804804763e-01 5.448825609956728044e+01
4.904904904904904828e-01 5.394550905416512165e+01
5.005005005005005447e-01 5.340816781091501042e+01
5.105105105105105512e-01 5.287617852761336223e+01
5.205205205205205576e-01 5.234948789832908034e+01
5.305305305305305641e-01 5.182804314806224255e+01
5.405405405405405705e-01 5.131179202745592249e+01
5.505505505505505770e-01 5.080068280756082544e+01
5.605605605605605835e-01 5.029466427465195721e+01
5.705705705705705899e-01 4.979368572509692825e+01
5.805805805805805964e-01 4.929769696027541670e+01
5.905905905905906028e-01 4.880664828154922219e+01
6.006006006006006093e-01 4.832049048528236312e+01
6.106106106106106157e-01 4.783917485791086222e+01
6.206206206206206222e-01 4.736265317106155237e+01
6.306306306306306286e-01 4.689087767671959028e+01
6.406406406406406351e-01 4.642380110244397429e+01
6.506506506506506415e-01 4.596137664663087463e+01
6.606606606606606480e-01 4.550355797382398748e+01
6.706706706706706544e-01 4.505029921007175631e+01
6.806806806806806609e-01 4.460155493833062224e+01
6.906906906906906674e-01 4.415728019391432468e+01
7.007007007007006738e-01 4.371743045998828592e+01
7.107107107107106803e-01 4.328196166310903692e+01
7.207207207207206867e-01 4.285083016880795981e+01
7.307307307307306932e-01 4.242399277721909101e+01
7.407407407407406996e-01 4.200140671875044518e+01
7.507507507507507061e-01 4.158302964979846905e+01
7.607607607607607125e-01 4.116881964850509945e+01
7.707707707707707190e-01 4.075873521055723359e+01
7.807807807807807254e-01 4.035273524502789400e+01
7.907907907907907319e-01 3.995077907025886788e+01
8.008008008008007383e-01 3.955282640978439446e+01
8.108108108108108558e-01 3.915883738829539595e+01
8.208208208208208623e-01 3.876877252764391102e+01
8.308308308308308687e-01 3.838259274288737544e+01
8.408408408408408752e-01 3.800025933837223846e+01
8.508508508508508816e-01 3.762173400385663058e+01
8.608608608608608881e-01 3.724697881067161376e+01
8.708708708708708945e-01 3.687595620792070861e+01
8.808808808808809010e-01 3.650862901871723665e+01
8.908908908908909074e-01 3.614496043645915080e+01
9.009009009009009139e-01 3.578491402114099884e+01
9.109109109109109204e-01 3.542845369570256508e+01
9.209209209209209268e-01 3.507554374241391315e+01
9.309309309309309333e-01 3.472614879929644616e+01
9.409409409409409397e-01 3.438023385657956510e+01
9.509509509509509462e-01 3.403776425319267673e+01
9.609609609609609526e-01 3.369870567329211042e+01
9.709709709709709591e-01 3.336302414282262419e+01
9.809809809809809655e-01 3.303068602611316606e+01
9.909909909909909720e-01 3.270165802250655673e+01
1.001001001001001089e+00 3.237590716302268845e+01
1.011011011011011096e+00 3.205340080705504846e+01
1.021021021021021102e+00 3.173410663910005169e+01
1.031031031031031109e+00 3.141799266551900516e+01
1.041041041041041115e+00 3.110502721133231319e+01
1.051051051051051122e+00 3.079517891704559318e+01
1.061061061061061128e+00 3.048841673550743891e+01
1.071071071071071135e+00 3.018470992879844772e+01
1.081081081081081141e+00 2.988402806515125221e+01
1.091091091091091148e+00 2.958634101590121190e+01
1.101101101101101154e+00 2.929161895246749836e+01
1.111111111111111160e+00 2.899983234336423976e+01
1.121121121121121167e+00 2.871095195124141242e+01
1.131131131131131173e+00 2.842494882995524819e+01
1.141141141141141180e+00 2.814179432166778483e+01
1.151151151151151186e+00 2.786146005397532477e+01
1.161161161161161193e+00 2.758391793706548611e+01
1.171171171171171199e+00 2.730914016090256169e+01
1.181181181181181206e+00 2.703709919244094095e+01
1.191191191191191212e+00 2.676776777286625375e+01
1.201201201201201219e+00 2.650111891486400140e+01
1.211211211211211225e+00 2.623712589991541222e+01
1.221221221221221231e+00 2.597576227562021245e+01
1.231231231231231238e+00 2.571700185304604958e+01
1.241241241241241244e+00 2.546081870410435499e+01
1.251251251251251251e+00 2.520718715895231199e+01
1.261261261261261257e+00 2.495608180342068749e+01
1.271271271271271264e+00 2.470747747646733217e+01
1.281281281281281270e+00 2.446134926765600071e+01
1.291291291291291277e+00 2.421767251466031112e+01
1.301301301301301283e+00 2.397642280079252686e+01
1.311311311311311290e+00 2.373757595255700181e+01
1.321321321321321296e+00 2.350110803722795438e+01
1.331331331331331302e+00 2.326699536045138217e+01
1.341341341341341309e+00 2.303521446387087579e+01
1.351351351351351315e+00 2.280574212277704049e+01
1.361361361361361322e+00 2.257855534378036566e+01
1.371371371371371328e+00 2.235363136250727578e+01
1.381381381381381335e+00 2.213094764131908576e+01
1.391391391391391341e+00 2.191048186705372558e+01
1.401401401401401348e+00 2.169221194878992165e+01
1.411411411411411354e+00 2.147611601563368566e+01
1.421421421421421361e+00 2.126217241452678408e+01
1.431431431431431367e+00 2.105035970807712431e+01
1.441441441441441373e+00 2.084065667241067032e+01
1.451451451451451380e+00 2.063304229504479892e+01
1.461461461461461386e+00 2.042749577278282302e+01
1.471471471471471393e+00 2.022399650962949025e+01
1.481481481481481399e+00 2.002252411472723992e+01
1.491491491491491406e+00 1.982305840031300903e+01
1.501501501501501412e+00 1.962557937969540944e+01
1.511511511511511419e+00 1.943006726525202765e+01
1.521521521521521425e+00 1.923650246644667305e+01
1.531531531531531432e+00 1.904486558786642192e+01
1.541541541541541438e+00 1.885513742727811959e+01
1.551551551551551444e+00 1.866729897370435509e+01
1.561561561561561451e+00 1.848133140551847831e+01
1.571571571571571457e+00 1.829721608855870585e+01
1.581581581581581464e+00 1.811493457426092135e+01
1.591591591591591470e+00 1.793446859781013103e+01
1.601601601601601477e+00 1.775580007631027968e+01
1.611611611611611705e+00 1.757891110697235959e+01
1.621621621621621712e+00 1.740378396532049976e+01
1.631631631631631718e+00 1.723040110341598563e+01
1.641641641641641725e+00 1.705874514809889675e+01
1.651651651651651731e+00 1.688879889924732325e+01
1.661661661661661737e+00 1.672054532805389115e+01
1.671671671671671744e+00 1.655396757531944729e+01
1.681681681681681750e+00 1.638904894976375459e+01
1.691691691691691757e+00 1.622577292635300594e+01
1.701701701701701763e+00 1.606412314464400737e+01
1.711711711711711770e+00 1.590408340714481206e+01
1.721721721721721776e+00 1.574563767769175193e+01
1.731731731731731783e+00 1.558877007984256480e+01
1.741741741741741789e+00 1.543346489528557974e+01
1.751751751751751796e+00 1.527970656226471213e+01
1.761761761761761802e+00 1.512747967402015092e+01
1.771771771771771808e+00 1.497676897724460510e+01
1.781781781781781815e+00 1.482755937055488538e+01
1.791791791791791821e+00 1.467983590297874130e+01
1.801801801801801828e+00 1.453358377245674582e+01
1.811811811811811834e+00 1.438878832435912436e+01
1.821821821821821841e+00 1.424543505001732768e+01
1.831831831831831847e+00 1.410350958527026854e+01
1.841841841841841854e+00 1.396299770902499660e+01
1.851851851851851860e+00 1.382388534183173689e+01
1.861861861861861867e+00 1.368615854447312152e+01
1.871871871871871873e+00 1.354980351656744020e+01
1.881881881881881879e+00 1.341480659518585661e+01
1.891891891891891886e+00 1.328115425348334533e+01
1.901901901901901892e+00 1.314883309934329425e+01
1.911911911911911899e+00 1.301782987403559666e+01
1.921921921921921905e+00 1.288813145088811929e+01
1.931931931931931912e+00 1.275972483397138468e+01
1.941941941941941918e+00 1.263259715679636663e+01
1.951951951951951925e+00 1.250673568102526012e+01
1.961961961961961931e+00 1.238212779519508011e+01
1.971971971971971938e+00 1.225876101345397551e+01
1.981981981981981944e+00 1.213662297431013748e+01
1.991991991991991950e+00 1.201570143939316537e+01
2.002002002002002179e+00 1.189598429222775344e+01
2.012012012012012185e+00 1.177745953701964332e+01
2.022022022022022192e+00 1.166011529745358821e+01
2.032032032032032198e+00 1.154393981550334836e+01
2.042042042042042205e+00 1.142892145025353656e+01
2.052052052052052211e+00 1.131504867673316461e+01
2.062062062062062218e+00 1.120231008476084789e+01
2.072072072072072224e+00 1.109069437780147460e+01
2.082082082082082231e+00 1.098019037183429525e+01
2.092092092092092237e+00 1.087078699423225636e+01
2.102102102102102243e+00 1.076247328265252534e+01
2.112112112112112250e+00 1.065523838393803757e+01
2.122122122122122256e+00 1.054907155303001076e+01
2.132132132132132263e+00 1.044396215189126664e+01
2.142142142142142269e+00 1.033989964844029252e+01
2.152152152152152276e+00 1.023687361549591479e+01
2.162162162162162282e+00 1.013487372973248846e+01
2.172172172172172289e+00 1.003388977064547127e+01
2.182182182182182295e+00 9.933911619527341585e+00
2.192192192192192302e+00 9.834929258453669831e+00
2.202202202202202308e+00 9.736932769279333044e+00
2.212212212212212314e+00 9.639912332644676951e+00
2.222222222222222321e+00 9.543858226991636329e+00
2.232232232232232327e+00 9.448760827589604006e+00
2.242242242242242334e+00 9.354610605571023640e+00
2.252252252252252340e+00 9.261398126976597922e+00
2.262262262262262347e+00 9.169114051809975408e+00
2.272272272272272353e+00 9.077749133101892909e+00
2.282282282282282360e+00 8.987294215983610002e+00
2.292292292292292366e+00 8.897740236769571709e+00
2.302302302302302373e+00 8.809078222049235407e+00
2.312312312312312379e+00 8.721299287787907417e+00
2.322322322322322385e+00 8.634394638436564406e+00
2.332332332332332392e+00 8.548355566050524601e+00
2.342342342342342398e+00 8.463173449416901306e+00
2.352352352352352405e+00 8.378839753190748141e+00
2.362362362362362411e+00 8.295346027039810721e+00
2.372372372372372418e+00 8.212683904797788870e+00
2.382382382382382424e+00 8.130845103626040071e+00
2.392392392392392431e+00 8.049821423183630031e+00
2.402402402402402437e+00 7.969604744805649510e+00
2.412412412412412444e+00 7.890187030689711278e+00
2.422422422422422450e+00 7.811560323090557034e+00
2.432432432432432456e+00 7.733716743522681014e+00
2.442442442442442463e+00 7.656648491970895698e+00
2.452452452452452469e+00 7.580347846108763221e+00
2.462462462462462476e+00 7.504807160524808118e+00
2.472472472472472482e+00 7.430018865956439456e+00
2.482482482482482489e+00 7.355975468531500638e+00
2.492492492492492495e+00 7.282669549017377619e+00
2.502502502502502502e+00 7.210093762077581125e+00
2.512512512512512508e+00 7.138240835535732742e+00
2.522522522522522515e+00 7.067103569646893568e+00
2.532532532532532521e+00 6.996674836376130635e+00
2.542542542542542527e+00 6.926947578684287343e+00
2.552552552552552534e+00 6.857914809820860214e+00
2.562562562562562540e+00 6.789569612623910899e+00
2.572572572572572547e+00 6.721905138826966386e+00
2.582582582582582553e+00 6.654914608372814122e+00
2.592592592592592560e+00 6.588591308734128127e+00
2.602602602602602566e+00 6.522928594240869238e+00
2.612612612612612573e+00 6.457919885414382222e+00
2.622622622622622579e+00 6.393558668308124027e+00
2.632632632632632586e+00 6.329838493854953896e+00
2.642642642642642592e+00 6.266752977220939158e+00
2.652652652652652598e+00 6.204295797165579884e+00
2.662662662662662605e+00 6.142460695408414217e+00
2.672672672672672611e+00 6.081241476001935986e+00
2.682682682682682618e+00 6.020632004710748220e+00
2.692692692692692624e+00 5.960626208396912595e+00
2.702702702702702631e+00 5.901218074411404224e+00
2.712712712712712637e+00 5.842401649991646906e+00
2.722722722722722644e+00 5.784171041665035595e+00
2.732732732732732650e+00 5.726520414658403446e+00
2.742742742742742657e+00 5.669443992313370373e+00
2.752752752752752663e+00 5.612936055507517175e+00
2.762762762762762669e+00 5.556990942081322160e+00
2.772772772772772676e+00 5.501603046270806097e+00
2.782782782782782682e+00 5.446766818145827749e+00
2.792792792792792689e+00 5.392476763053976718e+00
2.802802802802802695e+00 5.338727441069999635e+00
2.812812812812812702e+00 5.285513466450717956e+00
2.822822822822822708e+00 5.232829507095364541e+00
2.832832832832832715e+00 5.180670284011308802e+00
2.842842842842842721e+00 5.129030570785086063e+00
2.852852852852852727e+00 5.077905193058714239e+00
2.862862862862862734e+00 5.027289028011210803e+00
2.872872872872872740e+00 4.977177003845284275e+00
2.882882882882882747e+00 4.927564099279130083e+00
2.892892892892892753e+00 4.878445343043299687e+00
2.902902902902902760e+00 4.829815813382564826e+00
2.912912912912912766e+00 4.781670637562757342e+00
2.922922922922922773e+00 4.734004991382516181e+00
2.932932932932932779e+00 4.686814098689894514e+00
2.942942942942942786e+00 4.640093230903784338e+00
2.952952952952952792e+00 4.593837706540107924e+00
2.962962962962962798e+00 4.548042890742729050e+00
2.972972972972972805e+00 4.502704194819031613e+00
2.982982982982982811e+00 4.457817075780130978e+00
2.992992992992992818e+00 4.413377035885659438e+00
3.003003003003002824e+00 4.369379622193085844e+00
3.013013013013012831e+00 4.325820426111531170e+00
3.023023023023022837e+00 4.282695082960018773e+00
3.033033033033032844e+00 4.239999271530126457e+00
3.043043043043042850e+00 4.197728713653001265e+00
3.053053053053052857e+00 4.155879173770678392e+00
3.063063063063062863e+00 4.114446458511675786e+00
3.073073073073072869e+00 4.073426416270812034e+00
3.083083083083082876e+00 4.032814936793212013e+00
3.093093093093092882e+00 3.992607950762454117e+00
3.103103103103102889e+00 3.952801429392817756e+00
3.113113113113112895e+00 3.913391384025600050e+00
3.123123123123122902e+00 3.874373865729442645e+00
3.133133133133132908e+00 3.835744964904645560e+00
3.143143143143142915e+00 3.797500810891423217e+00
3.153153153153152921e+00 3.759637571582056026e+00
3.163163163163162928e+00 3.722151453036911750e+00
3.173173173173172934e+00 3.685038699104288273e+00
3.183183183183182940e+00 3.648295591044040886e+00
3.193193193193192947e+00 3.611918447154962131e+00
3.203203203203202953e+00 3.575903622405870674e+00
3.213213213213213404e+00 3.540247508070371918e+00
3.223223223223223410e+00 3.504946531365272122e+00
3.233233233233233417e+00 3.469997155092562124e+00
3.243243243243243423e+00 3.435395877284998623e+00
3.253253253253253430e+00 3.401139230855202200e+00
3.263263263263263436e+00 3.367223783248247226e+00
3.273273273273273443e+00 3.333646136097719204e+00
3.283283283283283449e+00 3.300402924885193379e+00
3.293293293293293456e+00 3.267490818603105751e+00
3.303303303303303462e+00 3.234906519420983173e+00
3.313313313313313468e+00 3.202646762354997456e+00
3.323323323323323475e+00 3.170708314940807515e+00
3.333333333333333481e+00 3.139087976909667344e+00
3.343343343343343488e+00 3.107782579867750528e+00
3.353353353353353494e+00 3.076788986978676643e+00
3.363363363363363501e+00 3.046104092649196460e+00
3.373373373373373507e+00 3.015724822218007084e+00
3.383383383383383514e+00 2.985648131647667292e+00
3.393393393393393520e+00 2.955871007219583291e+00
3.403403403403403527e+00 2.926390465232027172e+00
3.413413413413413533e+00 2.897203551701170721e+00
3.423423423423423539e+00 2.868307342065090637e+00
3.433433433433433546e+00 2.839698940890723833e+00
3.443443443443443552e+00 2.811375481583742175e+00
3.453453453453453559e+00 2.783334126101318251e+00
3.463463463463463565e+00 2.755572064667747068e+00
3.473473473473473572e+00 2.728086515492904152e+00
3.483483483483483578e+00 2.700874724493510737e+00
3.493493493493493585e+00 2.673933965017166070e+00
3.503503503503503591e+00 2.647261537569136181e+00
3.513513513513513598e+00 2.620854769541862694e+00
3.523523523523523604e+00 2.594711014947163275e+00
3.533533533533533610e+00 2.568827654151099260e+00
3.543543543543543617e+00 2.543202093611487857e+00
3.553553553553553623e+00 2.517831765618024242e+00
3.563563563563563630e+00 2.492714128034996257e+00
3.573573573573573636e+00 2.467846664046556171e+00
3.583583583583583643e+00 2.443226881904537073e+00
3.593593593593593649e+00 2.418852314678773485e+00
3.603603603603603656e+00 2.394720520009913312e+00
3.613613613613613662e+00 2.370829079864691824e+00
3.623623623623623669e+00 2.347175600293639253e+00
3.633633633633633675e+00 2.323757711191205999e+00
3.643643643643643681e+00 2.300573066058277494e+00
3.653653653653653688e+00 2.277619341767048500e+00
3.663663663663663694e+00 2.254894238328244427e+00
3.673673673673673701e+00 2.232395478660659460e+00
3.683683683683683707e+00 2.210120808362994183e+00
3.693693693693693714e+00 2.188067995487954942e+00
3.703703703703703720e+00 2.166234830318616744e+00
3.713713713713713727e+00 2.144619125147003480e+00
3.723723723723723733e+00 2.123218714054878387e+00
3.733733733733733740e+00 2.102031452696715874e+00
3.743743743743743746e+00 2.081055218084835623e+00
3.753753753753753752e+00 2.060287908376679411e+00
3.763763763763763759e+00 2.039727442664199142e+00
3.773773773773773765e+00 2.019371760765351631e+00
3.783783783783783772e+00 1.999218823017665514e+00
3.793793793793793778e+00 1.979266610073862287e+00
3.803803803803803785e+00 1.959513122699517718e+00
3.813813813813813791e+00 1.939956381572736088e+00
3.823823823823823798e+00 1.920594427085818401e+00
3.833833833833833804e+00 1.901425319148909443e+00
3.843843843843843811e+00 1.882447136995597070e+00
3.853853853853853817e+00 1.863657978990449715e+00
3.863863863863863823e+00 1.845055962438470587e+00
3.873873873873873830e+00 1.826639223396449019e+00
3.883883883883883836e+00 1.808405916486192311e+00
3.893893893893893843e+00 1.790354214709614755e+00
3.903903903903903849e+00 1.772482309265672518e+00
3.913913913913913856e+00 1.754788409369117952e+00
3.923923923923923862e+00 1.737270742071062690e+00
3.933933933933933869e+00 1.719927552081323752e+00
3.943943943943943875e+00 1.702757101592544231e+00
3.953953953953953881e+00 1.685757670106060591e+00
3.963963963963963888e+00 1.668927554259508561e+00
3.973973973973973894e+00 1.652265067656143005e+00
3.983983983983983901e+00 1.635768540695859530e+00
3.993993993993993907e+00 1.619436320407898977e+00
4.004004004004004358e+00 1.603266770285217691e+00
4.014014014014014364e+00 1.587258270120506909e+00
4.024024024024024371e+00 1.571409215843847740e+00
4.034034034034034377e+00 1.555718019361979731e+00
4.044044044044044384e+00 1.540183108399173273e+00
4.054054054054054390e+00 1.524802926339685616e+00
4.064064064064064397e+00 1.509575932071785642e+00
4.074074074074074403e+00 1.494500599833333832e+00
4.084084084084084409e+00 1.479575419058897667e+00
4.094094094094094416e+00 1.464798894228392934e+00
4.104104104104104422e+00 1.450169544717228920e+00
4.114114114114114429e+00 1.435685904647950650e+00
4.124124124124124435e+00 1.421346522743353269e+00
4.134134134134134442e+00 1.407149962181065472e+00
4.144144144144144448e+00 1.393094800449576454e+00
4.154154154154154455e+00 1.379179629205698587e+00
4.164164164164164461e+00 1.365403054133450755e+00
4.174174174174174468e+00 1.351763694804345439e+00
4.184184184184184474e+00 1.338260184539069142e+00
4.194194194194194480e+00 1.324891170270538376e+00
4.204204204204204487e+00 1.311655312408322338e+00
4.214214214214214493e+00 1.298551284704412723e+00
4.224224224224224500e+00 1.285577774120333139e+00
4.234234234234234506e+00 1.272733480695571462e+00
4.244244244244244513e+00 1.260017117417321364e+00
4.254254254254254519e+00 1.247427410091523026e+00
4.264264264264264526e+00 1.234963097215186600e+00
4.274274274274274532e+00 1.222622929849989326e+00
4.284284284284284539e+00 1.210405671497129410e+00
4.294294294294294545e+00 1.198310097973427579e+00
4.304304304304304551e+00 1.186334997288663873e+00
4.314314314314314558e+00 1.174479169524132116e+00
4.324324324324324564e+00 1.162741426712410098e+00
4.334334334334334571e+00 1.151120592718321012e+00
4.344344344344344577e+00 1.139615503121084839e+00
4.354354354354354584e+00 1.128225005097641676e+00
4.364364364364364590e+00 1.116947957307138140e+00
4.374374374374374597e+00 1.105783229776561960e+00
4.384384384384384603e+00 1.094729703787520103e+00
4.394394394394394610e+00 1.083786271764139331e+00
4.404404404404404616e+00 1.072951837162087640e+00
4.414414414414414622e+00 1.062225314358698158e+00
4.424424424424424629e+00 1.051605628544188820e+00
4.434434434434434635e+00 1.041091715613966295e+00
4.444444444444444642e+00 1.030682522061999284e+00
4.454454454454454648e+00 1.020377004875257620e+00
4.464464464464464655e+00 1.010174131429201649e+00
4.474474474474474661e+00 1.000072879384310331e+00
4.484484484484484668e+00 9.900722365836426286e-01
4.494494494494494674e+00 9.801712009514186308e-01
4.504504504504504681e+00 9.703687803926097644e-01
4.514514514514514687e+00 9.606639926935298668e-01
4.524524524524524693e+00 9.510558654234162468e-01
4.534534534534534700e+00 9.415434358369914047e-01
4.544544544544544706e+00 9.321257507779944218e-01
4.554554554554554713e+00 9.228018665836735801e-01
4.564564564564564719e+00 9.135708489902308882e-01
4.574574574574574726e+00 9.044317730392067434e-01
4.584584584584584732e+00 8.953837229847992907e-01
4.594594594594594739e+00 8.864257922021046010e-01
4.604604604604604745e+00 8.775570830962724500e-01
4.614614614614614752e+00 8.687767070125660407e-01
4.624624624624624758e+00 8.600837841473176759e-01
4.634634634634634764e+00 8.514774434597718322e-01
4.644644644644644771e+00 8.429568225848054208e-01
4.654654654654654777e+00 8.345210677465183524e-01
4.664664664664664784e+00 8.261693336726836367e-01
4.674674674674674790e+00 8.179007835100503554e-01
4.684684684684684797e+00 8.097145887404904041e-01
4.694694694694694803e+00 8.016099290979793457e-01
4.704704704704704810e+00 7.935859924864056003e-01
4.714714714714714816e+00 7.856419748981967599e-01
4.724724724724724823e+00 7.777770803337573646e-01
4.734734734734734829e+00 7.699905207217092595e-01
4.744744744744744835e+00 7.622815158399253166e-01
4.754754754754754842e+00 7.546492932373505269e-01
4.764764764764764848e+00 7.470930881566019144e-01
4.774774774774774855e+00 7.396121434573380560e-01
4.784784784784784861e+00 7.322057095403941007e-01
4.794794794794794868e+00 7.248730442726694090e-01
4.804804804804804874e+00 7.176134129127668126e-01
4.814814814814814881e+00 7.104260880373688414e-01
4.824824824824824887e+00 7.033103494683505819e-01
4.834834834834834894e+00 6.962654842006165135e-01
4.844844844844844900e+00 6.892907863306558802e-01
4.854854854854854906e+00 6.823855569858116032e-01
4.864864864864864913e+00 6.755491042542512981e-01
4.874874874874874919e+00 6.687807431156379545e-01
4.884884884884884926e+00 6.620797953724891771e-01
4.894894894894894932e+00 6.554455895822216549e-01
4.904904904904904939e+00 6.488774609898714241e-01
4.914914914914914945e+00 6.423747514614851495e-01
4.924924924924924952e+00 6.359368094181742093e-01
4.934934934934934958e+00 6.295629897708250322e-01
4.944944944944944965e+00 6.232526538554619133e-01
4.954954954954954971e+00 6.170051693692502059e-01
4.964964964964964977e+00 6.108199103071410008e-01
4.974974974974974984e+00 6.046962568991427478e-01
4.984984984984984990e+00 5.986335955482212645e-01
4.994994994994994997e+00 5.926313187688152517e-01
5.005005005005005003e+00 5.866888251259664289e-01
5.015015015015015010e+00 5.808055191750546298e-01
5.025025025025025016e+00 5.749808114021338623e-01
5.035035035035035023e+00 5.692141181648622261e-01
5.045045045045045029e+00 5.635048616340199157e-01
5.055055055055055035e+00 5.578524697356108675e-01
5.065065065065065042e+00 5.522563760935395027e-01
5.075075075075075048e+00 5.467160199728599013e-01
5.085085085085085055e+00 5.412308462235887463e-01
5.095095095095095061e+00 5.358003052250794873e-01
5.105105105105105068e+00 5.304238528309488387e-01
5.115115115115115074e+00 5.251009503145536161e-01
5.125125125125125081e+00 5.198310643150092503e-01
5.135135135135135087e+00 5.146136667837460932e-01
5.145145145145145094e+00 5.094482349315989644e-01
5.155155155155155100e+00 5.043342511764229430e-01
5.165165165165165106e+00 4.992712030912306864e-01
5.175175175175175113e+00 4.942585833528468919e-01
5.185185185185185119e+00 4.892958896910740707e-01
5.195195195195195126e+00 4.843826248383643618e-01
5.205205205205205132e+00 4.795182964799927228e-01
5.215215215215215139e+00 4.747024172047266122e-01
5.225225225225225145e+00 4.699345044559865014e-01
5.235235235235235152e+00 4.652140804834934973e-01
5.245245245245245158e+00 4.605406722953981902e-01
5.255255255255255165e+00 4.559138116108858996e-01
5.265265265265265171e+00 4.513330348132550962e-01
5.275275275275275177e+00 4.467978829034618959e-01
5.285285285285285184e+00 4.423079014541281273e-01
5.295295295295295190e+00 4.378626405640070329e-01
5.305305305305305197e+00 4.334616548129028857e-01
5.315315315315315203e+00 4.291045032170392459e-01
5.325325325325325210e+00 4.247907491848716410e-01
5.335335335335335216e+00 4.205199604733409480e-01
5.345345345345345223e+00 4.162917091445622053e-01
5.355355355355355229e+00 4.121055715229443583e-01
5.365365365365365236e+00 4.079611281527376621e-01
5.375375375375375242e+00 4.038579637560039681e-01
5.385385385385385248e+00 3.997956671910050663e-01
5.395395395395395255e+00 3.957738314110060274e-01
5.405405405405405261e+00 3.917920534234884955e-01
5.415415415415415268e+00 3.878499342497705449e-01
5.425425425425425274e+00 3.839470788850285476e-01
5.435435435435435281e+00 3.800830962587170014e-01
5.445445445445445287e+00 3.762575991953830967e-01
5.455455455455455294e+00 3.724702043758711945e-01
5.465465465465465300e+00 3.687205322989139944e-01
5.475475475475475307e+00 3.650082072431055091e-01
5.485485485485485313e+00 3.613328572292540120e-01
5.495495495495495319e+00 3.576941139831090188e-01
5.505505505505505326e+00 3.540916128984595845e-01
5.515515515515515332e+00 3.505249930006007486e-01
5.525525525525525339e+00 3.469938969101633575e-01
5.535535535535535345e+00 3.434979708073038207e-01
5.545545545545545352e+00 3.400368643962516368e-01
5.555555555555555358e+00 3.366102308702088042e-01
5.565565565565565365e+00 3.332177268765996736e-01
5.575575575575575371e+00 3.298590124826665804e-01
5.585585585585585378e+00 3.265337511414079796e-01
5.595595595595595384e+00 3.232416096578566433e-01
5.605605605605605390e+00 3.199822581556923118e-01
5.615615615615615397e+00 3.167553700441883557e-01
5.625625625625625403e+00 3.135606219854868426e-01
5.635635635635635410e+00 3.103976938621995085e-01
5.645645645645645416e+00 3.072662687453320274e-01
5.655655655655655423e+00 3.041660328625269138e-01
5.665665665665665429e+00 3.010966755666235062e-01
5.675675675675675436e+00 2.980578893045307542e-01
5.685685685685685442e+00 2.950493695864097599e-01
5.695695695695695449e+00 2.920708149551639043e-01
5.705705705705705455e+00 2.891219269562322336e-01
5.715715715715715461e+00 2.862024101076841576e-01
5.725725725725725468e+00 2.833119718706117451e-01
5.735735735735735474e+00 2.804503226198169497e-01
5.745745745745745481e+00 2.776171756147909897e-01
5.755755755755755487e+00 2.748122469709823879e-01
5.765765765765765494e+00 2.720352556313516690e-01
5.775775775775775500e+00 2.692859233382089434e-01
5.785785785785785507e+00 2.665639746053321546e-01
5.795795795795795513e+00 2.638691366903632152e-01
5.805805805805805520e+00 2.612011395674788683e-01
5.815815815815815526e+00 2.585597159003336643e-01
5.825825825825825532e+00 2.559446010152726658e-01
5.835835835835835539e+00 2.533555328748107183e-01
5.845845845845845545e+00 2.507922520513762299e-01
5.855855855855855552e+00 2.482545017013160216e-01
5.865865865865865558e+00 2.457420275391594133e-01
5.875875875875875565e+00 2.432545778121384672e-01
5.885885885885885571e+00 2.407919032749621102e-01
5.895895895895895578e+00 2.383537571648415010e-01
5.905905905905905584e+00 2.359398951767640029e-01
5.915915915915915591e+00 2.335500754390136546e-01
5.925925925925925597e+00 2.311840584889353345e-01
5.935935935935935603e+00 2.288416072489402875e-01
5.945945945945945610e+00 2.265224870027507387e-01
5.955955955955955616e+00 2.242264653718809841e-01
5.965965965965965623e+00 2.219533122923528501e-01
5.975975975975975629e+00 2.197027999916430219e-01
5.985985985985985636e+00 2.174747029658599673e-01
5.995995995995995642e+00 2.152687979571481780e-01
6.006006006006005649e+00 2.130848639313174808e-01
6.016016016016015655e+00 2.109226820556951987e-01
6.026026026026025662e+00 2.087820356771988017e-01
6.036036036036035668e+00 2.066627103006270783e-01
6.046046046046045674e+00 2.045644935671675213e-01
6.056056056056055681e+00 2.024871752331175445e-01
6.066066066066065687e+00 2.004305471488180002e-01
6.076076076076075694e+00 1.983944032377963351e-01
6.086086086086085700e+00 1.963785394761173586e-01
6.096096096096095707e+00 1.943827538719399839e-01
6.106106106106105713e+00 1.924068464452773353e-01
6.116116116116115720e+00 1.904506192079584159e-01
6.126126126126125726e+00 1.885138761437897548e-01
6.136136136136135732e+00 1.865964231889140346e-01
6.146146146146145739e+00 1.846980682123649242e-01
6.156156156156155745e+00 1.828186209968151454e-01
6.166166166166165752e+00 1.809578932195166634e-01
6.176176176176175758e+00 1.791156984334303925e-01
6.186186186186185765e+00 1.772918520485440297e-01
6.196196196196195771e+00 1.754861713133759604e-01
6.206206206206205778e+00 1.736984752966633516e-01
6.216216216216215784e+00 1.719285848692325425e-01
6.226226226226225791e+00 1.701763226860501799e-01
6.236236236236235797e+00 1.684415131684530997e-01
6.246246246246245803e+00 1.667239824865550113e-01
6.256256256256255810e+00 1.650235585418285966e-01
6.266266266266265816e+00 1.633400709498610825e-01
6.276276276276275823e+00 1.616733510232815640e-01
6.286286286286285829e+00 1.600232317548581085e-01
6.296296296296295836e+00 1.583895478007637525e-01
6.306306306306305842e+00 1.567721354640086717e-01
6.316316316316315849e+00 1.551708326780375791e-01
6.326326326326325855e+00 1.535854789904905482e-01
6.336336336336335862e+00 1.520159155471254020e-01
6.346346346346345868e+00 1.504619850759003619e-01
6.356356356356355874e+00 1.489235318712153200e-01
6.366366366366365881e+00 1.474004017783097920e-01
6.376376376376375887e+00 1.458924421778165781e-01
6.386386386386385894e+00 1.443995019704690241e-01
6.396396396396395900e+00 1.429214315619607711e-01
6.406406406406405907e+00 1.414580828479562180e-01
6.416416416416416801e+00 1.400093091992500871e-01
6.426426426426426808e+00 1.385749654470757319e-01
6.436436436436436814e+00 1.371549078685580791e-01
6.446446446446446821e+00 1.357489941723130367e-01
6.456456456456456827e+00 1.343570834841896211e-01
6.466466466466466834e+00 1.329790363331541381e-01
6.476476476476476840e+00 1.316147146373151389e-01
6.486486486486486847e+00 1.302639816900873493e-01
6.496496496496496853e+00 1.289267021464935714e-01
6.506506506506506859e+00 1.276027420096029208e-01
6.516516516516516866e+00 1.262919686171042888e-01
6.526526526526526872e+00 1.249942506280132537e-01
6.536536536536536879e+00 1.237094580095117052e-01
6.546546546546546885e+00 1.224374620239183781e-01
6.556556556556556892e+00 1.211781352157891289e-01
6.566566566566566898e+00 1.199313513991458330e-01
6.576576576576576905e+00 1.186969856448324145e-01
6.586586586586586911e+00 1.174749142679966663e-01
6.596596596596596918e+00 1.162650148156970653e-01
6.606606606606606924e+00 1.150671660546327413e-01
6.616616616616616930e+00 1.138812479589957904e-01
6.626626626626626937e+00 1.127071416984445351e-01
6.636636636636636943e+00 1.115447296261966176e-01
6.646646646646646950e+00 1.103938952672406520e-01
6.656656656656656956e+00 1.092545233066652827e-01
6.666666666666666963e+00 1.081264995781044957e-01
6.676676676676676969e+00 1.070097110522980621e-01
6.686686686686686976e+00 1.059040458257657913e-01
6.696696696696696982e+00 1.048093931095947784e-01
6.706706706706706989e+00 1.037256432183381455e-01
6.716716716716716995e+00 1.026526875590244858e-01
6.726726726726727001e+00 1.015904186202766790e-01
6.736736736736737008e+00 1.005387299615392166e-01
6.746746746746747014e+00 9.949751620241262251e-02
6.756756756756757021e+00 9.846667301209428846e-02
6.766766766766767027e+00 9.744609709892439187e-02
6.776776776776777034e+00 9.643568620003598046e-02
6.786786786786787040e+00 9.543533907110803016e-02
6.796796796796797047e+00 9.444495547622079601e-02
6.806806806806807053e+00 9.346443617781188817e-02
6.816816816816817060e+00 9.249368292673268432e-02
6.826826826826827066e+00 9.153259845240363513e-02
6.836836836836837072e+00 9.058108645306756079e-02
6.846846846846847079e+00 8.963905158614017543e-02
6.856856856856857085e+00 8.870639945865665954e-02
6.866866866866867092e+00 8.778303661781333700e-02
6.876876876876877098e+00 8.686887054160360999e-02
6.886886886886887105e+00 8.596380962954718041e-02
6.896896896896897111e+00 8.506776319351154469e-02
6.906906906906907118e+00 8.418064144862490161e-02
6.916916916916917124e+00 8.330235550427972369e-02
6.926926926926927131e+00 8.243281735522565989e-02
6.936936936936937137e+00 8.157193987275149216e-02
6.946946946946947143e+00 8.071963679595457741e-02
6.956956956956957150e+00 7.987582272309745601e-02
6.966966966966967156e+00 7.904041310305058576e-02
6.976976976976977163e+00 7.821332422682009122e-02
6.986986986986987169e+00 7.739447321916009814e-02
6.996996996996997176e+00 7.658377803026857056e-02
7.007007007007007182e+00 7.578115742756574846e-02
7.017017017017017189e+00 7.498653098755457547e-02
7.027027027027027195e+00 7.419981908776224211e-02
7.037037037037037202e+00 7.342094289876180402e-02
7.047047047047047208e+00 7.264982437627350020e-02
7.057057057057057214e+00 7.188638625334455023e-02
7.067067067067067221e+00 7.113055203260697235e-02
7.077077077077077227e+00 7.038224597861235388e-02
7.087087087087087234e+00 6.964139311024324097e-02
7.097097097097097240e+00 6.890791919319981529e-02
7.107107107107107247e+00 6.818175073256155239e-02
7.117117117117117253e+00 6.746281496542298750e-02
7.127127127127127260e+00 6.675103985360278380e-02
7.137137137137137266e+00 6.604635407642539535e-02
7.147147147147147273e+00 6.534868702357464476e-02
7.157157157157157279e+00 6.465796878801854941e-02
7.167167167167167285e+00 6.397413015900449418e-02
7.177177177177177292e+00 6.329710261512427882e-02
7.187187187187187298e+00 6.262681831744817962e-02
7.197197197197197305e+00 6.196321010272740071e-02
7.207207207207207311e+00 6.130621147666424214e-02
7.217217217217217318e+00 6.065575660724933232e-02
7.227227227227227324e+00 6.001178031816511993e-02
7.237237237237237331e+00 5.937421808225518821e-02
7.247247247247247337e+00 5.874300601505855896e-02
7.257257257257257343e+00 5.811808086840834775e-02
7.267267267267267350e+00 5.749938002409427096e-02
7.277277277277277356e+00 5.688684148758822029e-02
7.287287287287287363e+00 5.628040388183233600e-02
7.297297297297297369e+00 5.568000644108894726e-02
7.307307307307307376e+00 5.508558900485179682e-02
7.317317317317317382e+00 5.449709201181787699e-02
7.327327327327327389e+00 5.391445649391931466e-02
7.337337337337337395e+00 5.333762407041471587e-02
7.347347347347347402e+00 5.276653694203934514e-02
7.357357357357357408e+00 5.220113788521356379e-02
7.367367367367367414e+00 5.164137024630896522e-02
7.377377377377377421e+00 5.108717793597165185e-02
7.387387387387387427e+00 5.053850542350196012e-02
7.397397397397397434e+00 4.999529773129025162e-02
7.407407407407407440e+00 4.945750042930809748e-02
7.417417417417417447e+00 4.892505962965432859e-02
7.427427427427427453e+00 4.839792198115538263e-02
7.437437437437437460e+00 4.787603466401949004e-02
7.447447447447447466e+00 4.735934538454404652e-02
7.457457457457457473e+00 4.684780236987573510e-02
7.467467467467467479e+00 4.634135436282282167e-02
7.477477477477477485e+00 4.583995061671912452e-02
7.487487487487487492e+00 4.534354089033914431e-02
7.497497497497497498e+00 4.485207544286384795e-02
7.507507507507507505e+00 4.436550502889656522e-02
7.517517517517517511e+00 4.388378089352854006e-02
7.527527527527527518e+00 4.340685476745365784e-02
7.537537537537537524e+00 4.293467886213177959e-02
7.547547547547547531e+00 4.246720586500029454e-02
7.557557557557557537e+00 4.200438893473333601e-02
7.567567567567567544e+00 4.154618169654822335e-02
7.577577577577577550e+00 4.109253823755868590e-02
7.587587587587587556e+00 4.064341310217429309e-02
7.597597597597597563e+00 4.019876128754579919e-02
7.607607607607607569e+00 3.975853823905577122e-02
7.617617617617617576e+00 3.932269984585418099e-02
7.627627627627627582e+00 3.889120243643844760e-02
7.637637637637637589e+00 3.846400277427750036e-02
7.647647647647647595e+00 3.804105805347943875e-02
7.657657657657657602e+00 3.762232589450230369e-02
7.667667667667667608e+00 3.720776433990764104e-02
7.677677677677677615e+00 3.679733185015629515e-02
7.687687687687687621e+00 3.639098729944609256e-02
7.697697697697697627e+00 3.598868997159102023e-02
7.707707707707707634e+00 3.559039955594136412e-02
7.717717717717717640e+00 3.519607614334459983e-02
7.727727727727727647e+00 3.480568022214640400e-02
7.737737737737737653e+00 3.441917267423157817e-02
7.747747747747747660e+00 3.403651477110430229e-02
7.757757757757757666e+00 3.365766817000759997e-02
7.767767767767767673e+00 3.328259491008123822e-02
7.777777777777777679e+00 3.291125740855810333e-02
7.787787787787787686e+00 3.254361845699829670e-02
7.797797797797797692e+00 3.217964121756082541e-02
7.807807807807807698e+00 3.181928921931245074e-02
7.817817817817817705e+00 3.146252635457319480e-02
7.827827827827827711e+00 3.110931687529832484e-02
7.837837837837837718e+00 3.075962538949640612e-02
7.847847847847847724e+00 3.041341685768292682e-02
7.857857857857857731e+00 3.007065658936934269e-02
7.867867867867867737e+00 2.973131023958701727e-02
7.877877877877877744e+00 2.939534380544583936e-02
7.887887887887887750e+00 2.906272362272708382e-02
7.897897897897897757e+00 2.873341636251024178e-02
7.907907907907907763e+00 2.840738902783337613e-02
7.917917917917917769e+00 2.808460895038682875e-02
7.927927927927927776e+00 2.776504378723983549e-02
7.937937937937937782e+00 2.744866151759966372e-02
7.947947947947947789e+00 2.713543043960314413e-02
7.957957957957957795e+00 2.682531916714009715e-02
7.967967967967967802e+00 2.651829662670839721e-02
7.977977977977977808e+00 2.621433205430039048e-02
7.987987987987987815e+00 2.591339499232028082e-02
7.997997997997997821e+00 2.561545528653227932e-02
8.008008008008008716e+00 2.532048308303904913e-02
8.018018018018018722e+00 2.502844882529045578e-02
8.028028028028028729e+00 2.473932325112177324e-02
8.038038038038038735e+00 2.445307738982171672e-02
8.048048048048048742e+00 2.416968255922949740e-02
8.058058058058058748e+00 2.388911036286084713e-02
8.068068068068068754e+00 2.361133268706265553e-02
8.078078078078078761e+00 2.333632169819595953e-02
8.088088088088088767e+00 2.306404983984695900e-02
8.098098098098098774e+00 2.279448983006585744e-02
8.108108108108108780e+00 2.252761465863315979e-02
8.118118118118118787e+00 2.226339758435323321e-02
8.128128128128128793e+00 2.200181213237479769e-02
8.138138138138138800e+00 2.174283209153812443e-02
8.148148148148148806e+00 2.148643151174863333e-02
8.158158158158158813e+00 2.123258470137669510e-02
8.168168168168168819e+00 2.098126622468325653e-02
8.178178178178178825e+00 2.073245089927118825e-02
8.188188188188188832e+00 2.048611379356195944e-02
8.198198198198198838e+00 2.024223022429747637e-02
8.208208208208208845e+00 2.000077575406677965e-02
8.218218218218218851e+00 1.976172618885740223e-02
8.228228228228228858e+00 1.952505757563109678e-02
8.238238238238238864e+00 1.929074619992369663e-02
8.248248248248248871e+00 1.905876858346893313e-02
8.258258258258258877e+00 1.882910148184585575e-02
8.268268268268268884e+00 1.860172188214974029e-02
8.278278278278278890e+00 1.837660700068614178e-02
8.288288288288288896e+00 1.815373428068796716e-02
8.298298298298298903e+00 1.793308139005524507e-02
8.308308308308308909e+00 1.771462621911744362e-02
8.318318318318318916e+00 1.749834687841802724e-02
8.328328328328328922e+00 1.728422169652112789e-02
8.338338338338338929e+00 1.707222921784004935e-02
8.348348348348348935e+00 1.686234820048737246e-02
8.358358358358358942e+00 1.665455761414650834e-02
8.368368368368368948e+00 1.644883663796443268e-02
8.378378378378378954e+00 1.624516465846541011e-02
8.388388388388388961e+00 1.604352126748549712e-02
8.398398398398398967e+00 1.584388626012764659e-02
8.408408408408408974e+00 1.564623963273711199e-02
8.418418418418418980e+00 1.545056158089709065e-02
8.428428428428428987e+00 1.525683249744428510e-02
8.438438438438438993e+00 1.506503297050425239e-02
8.448448448448449000e+00 1.487514378154629509e-02
8.458458458458459006e+00 1.468714590345777254e-02
8.468468468468469013e+00 1.450102049863752005e-02
8.478478478478479019e+00 1.431674891710833786e-02
8.488488488488489025e+00 1.413431269464823434e-02
8.498498498498499032e+00 1.395369355094026181e-02
8.508508508508509038e+00 1.377487338774085329e-02
8.518518518518519045e+00 1.359783428706631998e-02
8.528528528528529051e+00 1.342255850939746455e-02
8.538538538538539058e+00 1.324902849190206372e-02
8.548548548548549064e+00 1.307722684667505034e-02
8.558558558558559071e+00 1.290713635899621604e-02
8.568568568568569077e+00 1.273873998560528902e-02
8.578578578578579084e+00 1.257202085299417849e-02
8.588588588588589090e+00 1.240696225571622652e-02
8.598598598598599096e+00 1.224354765471229872e-02
8.608608608608609103e+00 1.208176067565355609e-02
8.618618618618619109e+00 1.192158510730073444e-02
8.628628628628629116e+00 1.176300489987975456e-02
8.638638638638639122e+00 1.160600416347351387e-02
8.648648648648649129e+00 1.145056716642970339e-02
8.658658658658659135e+00 1.129667833378447152e-02
8.668668668668669142e+00 1.114432224570180777e-02
8.678678678678679148e+00 1.099348363592844366e-02
8.688688688688689155e+00 1.084414739026416490e-02
8.698698698698699161e+00 1.069629854504734745e-02
8.708708708708709167e+00 1.054992228565558750e-02
8.718718718718719174e+00 1.040500394502125170e-02
8.728728728728729180e+00 1.026152900216182294e-02
8.738738738738739187e+00 1.011948308072488541e-02
8.748748748748749193e+00 9.978851947547596329e-03
8.758758758758759200e+00 9.839621511230500425e-03
8.768768768768769206e+00 9.701777820725562135e-03
8.778778778778779213e+00 9.565307063938256055e-03
8.788788788788789219e+00 9.430195566343573324e-03
8.798798798798799226e+00 9.296429789615820796e-03
8.808808808808809232e+00 9.163996330272072485e-03
8.818818818818819238e+00 9.032881918329110221e-03
8.828828828828829245e+00 8.903073415973771984e-03
8.838838838838839251e+00 8.774557816246518829e-03
8.848848848848849258e+00 8.647322241738126733e-03
8.858858858858859264e+00 8.521353943299352432e-03
8.868868868868869271e+00 8.396640298763458771e-03
8.878878878878879277e+00 8.273168811681448631e-03
8.888888888888889284e+00 8.150927110069925915e-03
8.898898898898899290e+00 8.029902945171385822e-03
8.908908908908909297e+00 7.910084190226894518e-03
8.918918918918919303e+00 7.791458839260963047e-03
8.928928928928929309e+00 7.674015005878537417e-03
8.938938938938939316e+00 7.557740922073967818e-03
8.948948948948949322e+00 7.442624937051849424e-03
8.958958958958959329e+00 7.328655516059583847e-03
8.968968968968969335e+00 7.215821239231594471e-03
8.978978978978979342e+00 7.104110800445043866e-03
8.988988988988989348e+00 6.993513006186940530e-03
8.998998998998999355e+00 6.884016774432543881e-03
9.009009009009009361e+00 6.775611133534925265e-03
9.019019019019019368e+00 6.668285221125599092e-03
9.029029029029029374e+00 6.562028283026105288e-03
9.039039039039039380e+00 6.456829672170425090e-03
9.049049049049049387e+00 6.352678847538129579e-03
9.059059059059059393e+00 6.249565373098164671e-03
9.069069069069069400e+00 6.147478916763143321e-03
9.079079079079079406e+00 6.046409249354058220e-03
9.089089089089089413e+00 5.946346243575312621e-03
9.099099099099099419e+00 5.847279872999949606e-03
9.109109109109109426e+00 5.749200211064987853e-03
9.119119119119119432e+00 5.652097430076780636e-03
9.129129129129129439e+00 5.555961800226256672e-03
9.139139139139139445e+00 5.460783688613991653e-03
9.149149149149149451e+00 5.366553558284978612e-03
9.159159159159159458e+00 5.273261967273009526e-03
9.169169169169169464e+00 5.180899567654588360e-03
9.179179179179179471e+00 5.089457104612245437e-03
9.189189189189189477e+00 4.998925415507210653e-03
9.199199199199199484e+00 4.909295428961293721e-03
9.209209209209209490e+00 4.820558163947923774e-03
9.219219219219219497e+00 4.732704728892245943e-03
9.229229229229229503e+00 4.645726320780173453e-03
9.239239239239239510e+00 4.559614224276311092e-03
9.249249249249249516e+00 4.474359810850673733e-03
9.259259259259259522e+00 4.389954537914093208e-03
9.269269269269269529e+00 4.306389947962246771e-03
9.279279279279279535e+00 4.223657667728203044e-03
9.289289289289289542e+00 4.141749407343407394e-03
9.299299299299299548e+00 4.060656959507033884e-03
9.309309309309309555e+00 3.980372198663602312e-03
9.319319319319319561e+00 3.900887080188784450e-03
9.329329329329329568e+00 3.822193639583328778e-03
9.339339339339339574e+00 3.744283991675006161e-03
9.349349349349349581e+00 3.667150329828507919e-03
9.359359359359359587e+00 3.590784925163207405e-03
9.369369369369369593e+00 3.515180125778726104e-03
9.379379379379379600e+00 3.440328355988195395e-03
9.389389389389389606e+00 3.366222115559170617e-03
9.399399399399399613e+00 3.292853978962097250e-03
9.409409409409409619e+00 3.220216594626260694e-03
9.419419419419419626e+00 3.148302684203158498e-03
9.429429429429429632e+00 3.077105041837192682e-03
9.439439439439439639e+00 3.006616533443642273e-03
9.449449449449449645e+00 2.936830095993814109e-03
9.459459459459459651e+00 2.867738736807323805e-03
9.469469469469469658e+00 2.799335532851418389e-03
9.479479479479479664e+00 2.731613630047281197e-03
9.489489489489489671e+00 2.664566242583246616e-03
9.499499499499499677e+00 2.598186652234853091e-03
9.509509509509509684e+00 2.532468207691668076e-03
9.519519519519519690e+00 2.467404323890822013e-03
9.529529529529529697e+00 2.402988481357175039e-03
9.539539539539539703e+00 2.339214225550058715e-03
9.549549549549549710e+00 2.276075166216526453e-03
9.559559559559559716e+00 2.213564976751037153e-03
9.569569569569569722e+00 2.151677393561529563e-03
9.579579579579579729e+00 2.090406215441794127e-03
9.589589589589589735e+00 2.029745302950115848e-03
9.599599599599599742e+00 1.969688577794084967e-03
9.609609609609609748e+00 1.910230022221553765e-03
9.619619619619619755e+00 1.851363678417642994e-03
9.629629629629629761e+00 1.793083647907767588e-03
9.639639639639639768e+00 1.735384090966602929e-03
9.649649649649649774e+00 1.678259226032934211e-03
9.659659659659659781e+00 1.621703329130339032e-03
9.669669669669669787e+00 1.565710733293640107e-03
9.679679679679679793e+00 1.510275828001065874e-03
9.689689689689689800e+00 1.455393058612072365e-03
9.699699699699699806e+00 1.401056925810761087e-03
9.709709709709709813e+00 1.347261985054840853e-03
9.719719719719719819e+00 1.294002846030077852e-03
9.729729729729729826e+00 1.241274172110183637e-03
9.739739739739739832e+00 1.189070679822074256e-03
9.749749749749749839e+00 1.137387138316462570e-03
9.759759759759759845e+00 1.086218368843721530e-03
9.769769769769769852e+00 1.035559244234967452e-03
9.779779779779779858e+00 9.854046883883108184e-04
9.789789789789789864e+00 9.357496757602259225e-04
9.799799799799799871e+00 8.865892308619862305e-04
9.809809809809809877e+00 8.379184277611138529e-04
9.819819819819819884e+00 7.897323895877956385e-04
9.829829829829829890e+00 7.420262880462144984e-04
9.839839839839839897e+00 6.947953429307505329e-04
9.849849849849849903e+00 6.480348216469984006e-04
9.859859859859859910e+00 6.017400387375548528e-04
9.869869869869869916e+00 5.559063554125316534e-04
9.879879879879879923e+00 5.105291790847434714e-04
9.889889889889889929e+00 4.656039629095234185e-04
9.899899899899899935e+00 4.211262053291289363e-04
9.909909909909909942e+00 3.770914496216759624e-04
9.919919919919919948e+00 3.334952834545701502e-04
9.929929929929929955e+00 2.903333384423891720e-04
9.939939939939939961e+00 2.476012897091663958e-04
9.949949949949949968e+00 2.052948554550271178e-04
9.959959959959959974e+00 1.634097965271541508e-04
9.969969969969969981e+00 1.219419159950163589e-04
9.979979979979979987e+00 8.088705872983136859e-05
9.989989989989989994e+00 4.024111098822036033e-05
1.000000000000000000e+01 0.000000000000000000e+00
